58       -1.61       -0.51
-0.92       1.18       -0.47
0.00       4.50       -0.47
0.11       0.09       -0.50
-0.54       -0.68       -0.54
-0.89       -3.21       -0.45
-0.47       1.30       -0.48
-0.61       -3.74       -0.40
-0.61       1.40       -0.40
-1.05       1.63       -0.55
-0.45       0.11       -0.47
-0.40       -0.97       -0.49
-1.05       2.95       -0.49
-1.48       2.29       -0.60
-0.14       3.52       -0.53
-0.34       -0.00       -0.45
-0.87       1.00       -0.49
-0.31       -0.58       -0.48
-0.11       0.46       -0.57
-0.85       -1.15       -0.49
0.00       -1.12       -0.42
-0.39       -0.86       -0.48
0.14       0.36       -0.46
-0.90       -0.33       -0.49
-1.34       2.77       -0.49
-1.04       -0.48       -0.53
-0.39       1.39       -0.47
-0.28       1.34       -0.41
0.37       -1.17       -0.45
-0.14       -0.94       -0.50
-0.61       -0.67       -0.55
-0.56       -0.76       -0.48
-1.28       -2.59       -0.51
0.03       0.74       -0.45
-0.22       0.55       -0.41
-0.51       1.10       -0.43
0.03       0.02       -0.44
-0.51       -0.67       -0.46
-0.17       2.25       -0.58
-0.51       1.55       -0.43
-0.42       -0.72       -0.47
-1.03       -2.35       -0.49
-0.36       0.08       -0.43
-1.16       -0.60       -0.46
-0.59       -1.14       -0.50
-0.36       0.24       -0.38
-0.17       -0.18       -0.44
-0.40       -2.35       -0.43
-0.14       2.77       -0.42
-0.79       2.97       -0.54
-0.17       -1.05       -0.46
-0.03       2.26       -0.48
.50
-0.68       -1.83       -0.51
-0.68       -0.05       -0.48
-0.23       -1.55       -0.41
-0.23       -0.48       -0.41
-1.25       -0.12       -0.44
-0.57       -0.58       -0.47
-0.45       -0.51       -0.46
-0.58       0.57       -0.47
-1.37       0.91       -0.49
-1.28       0.58       -0.49
2.37       -0.29       -0.03
-0.67       6.15       -1.46
7.28       11.45       6.12
9.43       1.47       9.72
9.80       2.77       10.08
11.77       1.90       10.95
10.36       2.68       11.20
11.70       1.35       11.62
12.83       -0.03       12.47
11.93       0.52       12.58
13.43       -1.84       12.95
13.42       2.83       13.29
11.69       3.19       13.04
14.35       2.26       15.48
14.87       -22.03       14.91
5.75       -16.59       5.31
3.36       0.76       0.85
0.17       4.02       0.97
0.79       3.24       0.66
6.95       -2.06       0.72
1.15       4.16       1.31
1.62       4.43       1.47
2.97       1.17       3.41
1.56       0.65       1.74
1.68       3.52       0.92
1.09       0.45       1.23
1.39       -7.06       2.29
-0.51       0.53       0.13
-1.10       3.13       0.48
1.19       4.31       1.22
2.89       -0.65       2.25
4.67       -5.22       5.09
2.00       0.93       1.77
1.01       -2.40       1.65
1.28       1.51       1.55
1.18       2.44       1.55
0.67       -0.71       1.27
1.12       -1.66       1.04
1.84       2.07       0.68
0.06       0.52       0.77
2.19       -3.44       1.63
1.23       1.37       0.04
0.31       3.64       0.58
0.65       -1.81       0.47
0.34       -2.04       0.47
0.53       -2.87       0.58
0.17       -0.48       0.55
0.95       -0.43       0.46
0.09       1.20       0.54
-0.44       -0.42       0.48
0.85       0.64       0.65
2.31       -1.33       2.22
3.18       1.80       0.96
-0.45       -0.46       -0.51
-0.69       -0.85       -1.54
-3.05       -1.32       -1.81
-3.46       0.26       -2.01
-4.05       3.65       -2.60
-0.45       3.34       -0.21
-6.68       -8.16       -0.47
-0.65       1.01       -1.19
-1.79       0.94       -1.53
-1.70       1.91       -1.57
-1.68       0.32       -1.60
-1.94       1.10       -1.56
-1.40       3.65       -1.47
-1.48       0.58       -1.52
-1.11       -0.50       -1.51
-1.70       0.72       -1.56
-2.20       0.55       -1.58
-1.56       1.91       -1.55
-1.20       -0.10       -1.64
-1.64       1.17       -1.55
-2.26       1.01       -1.59
-1.66       -0.65       -1.55
-1.37       2.68       -1.54
-1.62       -0.14       -1.53
-1.36       -0.34       -1.56
-0.71       -2.53       -1.58
-1.51       2.71       -1.54
-1.74       0.29       -1.61
-1.92       -0.48       -1.54
-0.91       0.81       -1.62
-0.67       1.30       -1.61
-1.70       1.66       -1.61
-1.17       -0.42       -1.62
-1.85       1.52       -1.63
-2.45       -1.85       -1.63
-1.73       -1.61       -1.56
-1.78       1.60       -1.62
-1.26       -1.83       -1.56
-1.58       -1.41       -1.63
-1.54       -1.87       -1.57
-1.81       -0.59       -1.58
-2.19       1.56       -1.51
-1.97       0.99       -1.63
-1.10       1.34       -1.59
-1.70       0.53       -1.55
-1.93       -0.81       -1.55
-1.19       -2.84       -1.61
-2.02       0.57       -1.61
-2.02       -1.09       -1.59
-1.65       -0.15       -1.47
-1.66       -0.52       -1.50
-1.43       1.32       -1.63
-1.49       -1.13       -1.61
-1.48       1.09       -1.60
-1.32       0.76       -1.58
-0.96       1.81       -1.56
-1.13       3.02       -1.53
-1.39       -1.29       -1.49
-1.96       1.08       -1.55
-2.04       1.77       -1.48
-1.42       -2.45       -1.59
-1.63       0.56       -1.62
-1.47       1.14       -1.64
-1.08       -0.53       -1.48
-1.03       1.73       -1.50
-1.27       -1.97       -1.61
-2.19       1.03       -1.59
-1.22       1.15       -1.52
-1.42       -2.03       -1.54
-1.52       1.97       -1.57
-1.61       0.39       -1.62
-2.35       -2.51       -1.63
-1.10       -0.65       -1.54
-1.58       -1.46       -1.58
-0.75       0.81       -1.66
-1.83       -1.65       -1.68
-1.71       -0.61       -1.54
-1.29       0.82       -1.53
-2.25       -2.34       -1.61
-1.98       0.84       -1.61
-1.40       0.71       -1.57
-1.76       2.00       -1.64
-1.46       -1.38       -1.56
-1.48       0.35       -1.60
-1.30       0.70       -1.63
-1.38       2.17       -1.68
-1.83       0.64       -1.63
-1.46       -0.06       -1.58
-1.15       0.87       -1.58
-1.84       -1.71       -1.66
-2.03       1.84       -1.54
-1.47       -1.35       -1.61
-1.50       0.19       -1.65
-1.41       2.04       -1.58
-1.01       3.13       -1.54
-1.86       1.55       -1.62
-1.74       -1.65       -1.58
-1.50       -0.06       -1.59
-1.62       -0.45       -1.56
-1.77       -0.50       -1.64
-1.42       -1.16       -1.56
-1.69       -2.76       -1.55
-1.71       -1.23       -1.61
-1.58       -0.13       -1.61
-2.20       -0.91       -1.61
-1.27       1.93       -1.52
-0.70       1.77       -1.50
-2.32       1.32       -1.62
-1.49       0.35       -1.50
-1.60       1.33       -1.59
-1.52       -1.13       -1.56
-1.41       -0.16       -1.54
-1.75       -2.47       -1.68
-1.18       0.04       -1.52
-2.33       0.14       -1.63
-1.45       0.81       -1.55
-1.00       0.15       -1.49
-1.63       -1.28       -1.57
-1.45       1.01       -1.49
-0.92       -1.13       -1.59
-1.51       1.82       -1.55
-1.21       -1.19       -1.56
-1.41       0.90       -1.57
-1.27       3.07       -1.43
-1.65       0.00       -1.54
-0.98       -0.36       -1.64
-1.62       0.19       -1.56
-0.96       1.16       -1.60
-0.81       1.58       -1.57
-1.61       1.74       -1.49
-1.45       -1.72       -1.60
-0.92       0.03       -1.53
-1.39       0.78       -1.66
-1.35       -1.39       -1.61
-1.39       1.86       -1.57
-0.98       1.39       -1.56
-0.90       0.55       -1.54
-1.73       2.10       -1.53
-1.63       0.51       -1.52
-2.13       -2.62       -1.57
-0.36       0.25       -1.56
-1.70       -2.01       -1.51
-1.50       -3.38       -1.52
-1.84       -0.49       -1.56
-1.56       -1.17       -1.62
-1.37       0.21       -1.60
-1.36       0.82       -1.52
-1.17       -1.33       -1.56
-1.34       1.77       -1.58
-1.47       -0.55       -1.63
-1.53       0.03       -1.58
-1.68       0.58       -1.60
-1.98       -0.46       -1.58
-1.42       1.16       -1.60
-1.41       -0.02       -1.62
-1.70       2.32       -1.61
-2.35       0.03       -1.61
-2.02       0.32       -1.59
-1.22       1.74       -1.58
-1.60       0.98       -1.55
-1.57       -2.84       -1.65
-1.48       2.09       -1.61
-1.03       2.45       -1.54
-2.04       -1.20       -1.57
-1.31       1.92       -1.56
-1.38       -1.58       -1.58
-2.28       -0.58       -1.60
-1.15       1.16       -1.61
-1.57       -1.39       -1.62
-0.98       1.66       -1.58
-2.36       2.26       -1.45
-1.17       1.61       -1.48
-1.40       2.30       -1.60
-1.64       0.35       -1.66
-1.53       -0.71       -1.60
-1.86       1.22       -1.54
-1.88       -0.00       -1.66
-1.33       -1.39       -1.59
-1.57       -0.22       -1.56
-1.40       0.65       -1.55
-1.54       -1.27       -1.63
-1.70       1.39       -1.55
-1.21       0.97       -1.58
-1.86       -1.21       -1.59
-2.21       -3.07       -1.55
-1.80       -1.29       -1.58
-2.35       0.39       -1.56
-1.78       -2.99       -1.64
-1.79       -0.02       -1.56
-1.21       2.17       -1.52
-1.21       3.26       -1.65
-1.26       3.20       -1.58
-1.83       -2.52       -1.58
-1.87       -0.35       -1.63
-0.88       2.08       -1.51
-1.25       -1.39       -1.54
-0.90       -0.65       -1.50
-1.27       -4.16       -1.55
-2.31       -0.32       -1.66
-2.40       -1.07       -1.63
-1.77       1.18       -1.58
-1.65       -0.60       -1.54
-1.91       1.09       -1.53
-1.92       0.68       -1.62
-1.58       0.49       -1.59
-1.19       -3.00       -1.62
-1.41       0.98       -1.55
-2.64       1.07       -1.58
-1.64       0.69       -1.53
-1.62       2.90       -1.53
-1.82       -0.17       -1.57
-1.60       -2.93       -1.63
-1.37       0.86       -1.59
-1.98       1.27       -1.58
-1.89       2.03       -1.59
-0.82       -0.45       -1.51
-1.38       -0.04       -1.52
-1.73       0.02       -1.51
-1.46       1.48       -1.60
-1.17       -0.16       -1.49
-2.08       1.74       -1.51
-1.23       -0.68       -1.57
-1.93       -1.09       -1.55
-1.81       1.96       -1.56
-0.87       -0.61       -1.48
-1.62       -0.36       -1.56
-2.18       -1.98       -1.54
-1.41       -1.71       -1.64
-1.90       -0.76       -1.55
-1.53       -0.55       -1.57
-2.58       -1.85       -1.55
-1.21       -0.35       -1.49
-1.70       -2.65       -1.56
-1.82       -0.45       -1.58
-1.76       -1.45       -1.60
-1.63       2.26       -1.53
-1.81       1.19       -1.52
-2.30       -0.42       -1.63
-1.13       2.94       -1.64
-2.17       -2.67       -1.53
-2.16       1.00       -1.56
-1.05       1.07       -1.59
-1.41       -0.16       -1.68
-1.54       -1.07       -1.53
-1.31       0.81       -1.53
-2.41       -0.03       -1.66
-1.63       1.14       -1.51
-1.65       0.48       -1.55
-2.07       0.21       -1.62
-1.97       1.93       -1.53
-1.15       1.75       -1.51
-1.22       0.12       -1.54
-1.63       -0.54       -1.61
-2.15       -0.25       -1.60
-1.71       4.58       -1.47
-1.11       -0.43       -1.46
-2.12       0.03       -1.55
-1.86       -1.42       -1.61
-1.37       2.26       -1.48
-1.70       1.20       -1.52
-1.38       -1.23       -1.55
-1.12       0.93       -1.52
-1.85       -1.62       -1.58
-2.37       -1.82       -1.54
-1.65       -0.41       -1.58
-1.06       1.45       -1.51
-2.44       0.19       -1.55
-1.57       0.43       -1.55
-1.78       0.64       -1.56
-1.81       -0.62       -1.56
-0.81       1.06       -1.54
-1.91       -0.45       -1.64
-1.76       -2.44       -1.56
-1.68       -0.74       -1.60
-1.91       -0.41       -1.66
-1.60       -0.61       -1.54
-1.66       -0.43       -1.52
-1.62       0.23       -1.61
-1.50       0.15       -1.50
-1.57       -0.73       -1.57
-1.40       -0.84       -1.60
-1.28       -1.10       -1.53
-1.47       0.02       -1.60
-1.86       -2.06       -1.55
-1.67       -2.19       -1.65
-0.70       -0.82       -1.50
-2.20       0.16       -1.63
-1.77       0.91       -1.57
-0.06       -0.49       -1.54
-1.33       1.35       -1.60
-1.13       1.55       -1.50
-1.67       0.22       -1.59
-1.41       2.32       -1.56
-1.50       -1.55       -1.54
-2.15       -1.30       -1.54
-0.59       -2.07       -1.49
-1.10       -0.12       -1.55
-1.70       -2.13       -1.60
-1.53       2.97       -1.47
-0.09       -0.13       -1.59
-1.53       -1.64       -1.56
-1.95       3.49       -1.61
-2.11       -1.41       -1.54
-1.58       -0.19       -1.58
-1.40       -2.03       -1.57
-2.03       0.48       -1.53
-1.66       2.52       -1.59
-0.86       -1.96       -1.51
-2.46       -0.32       -1.58
-0.99       -2.12       -1.59
-2.35       0.94       -1.60
-1.52       -0.71       -1.59
-1.80       0.13       -1.58
-0.65       -1.61       -1.50
-1.88       1.23       -1.53
-2.00       -0.45       -1.56
-1.76       1.25       -1.61
-1.92       1.75       -1.53
-1.24       -0.82       -1.59
-1.25       1.30       -1.56
-1.03       -0.44       -1.58
-1.74       -0.63       -1.59
-1.89       0.10       -1.62
-1.32       0.08       -1.60
-1.58       -1.83       -1.57
-1.38       1.63       -1.56
-1.82       0.94       -1.59
-1.78       1.45       -1.60
-1.48       0.29       -1.58
-1.93       -0.31       -1.66
-2.02       -2.06       -1.59
-1.61       0.53       -1.56
-1.45       -1.60       -1.58
-1.15       -1.96       -1.49
-1.47       0.68       -1.51
-2.77       0.79       -1.60
-1.59       1.60       -1.60
-1.49       0.71       -1.57
-1.84       -1.95       -1.56
-1.60       1.00       -1.48
-1.61       -1.68       -1.60
-1.55       0.64       -1.57
-1.32       -1.97       -1.59
-0.70       -1.24       -1.51
-1.74       0.98       -1.57
-0.99       1.48       -1.58
-2.15       -2.49       -1.57
-1.76       -1.61       -1.63
-2.01       0.28       -1.56
-1.05       0.41       -1.59
-0.93       -0.27       -1.54
-2.26       -3.25       -1.58
-0.74       2.58       -1.50
-0.93       1.50       -1.53
-1.86       -0.77       -1.49
-1.04       3.45       -1.51
-2.16       -0.07       -1.54
-1.66       0.71       -1.48
-1.16       -1.41       -1.52
-1.00       0.83       -1.58
-1.16       1.94       -1.62
-1.66       1.17       -1.58
-1.38       2.58       -1.57
-1.17       0.26       -1.62
-1.90       -2.06       -1.54
-1.64       -2.35       -1.51
-2.49       1.58       -1.63
-1.88       2.42       -1.55
-0.93       -0.96       -1.56
-1.52       0.42       -1.51
-2.04       0.74       -1.57
-1.57       -1.12       -1.59
-1.84       1.03       -1.63
-1.79       -0.45       -1.52
-1.09       0.87       -1.52
-1.97       2.50       -1.58
-1.84       1.62       -1.57
-1.91       1.78       -1.58
-2.00       -0.31       -1.52
-1.51       -1.21       -1.55
-1.20       -0.14       -1.52
-1.39       -1.34       -1.58
-1.99       -1.46       -1.65
-1.91       -1.53       -1.65
-1.35       0.13       -1.53
-1.13       -2.34       -1.58
-1.62       -0.52       -1.59
-1.89       -1.77       -1.53
-2.13       -0.99       -1.60
-1.44       0.54       -1.63
-2.48       -1.83       -1.56
-1.91       0.16       -1.56
-1.87       1.35       -1.58
-1.89       0.05       -1.63
-1.93       -2.48       -1.58
-1.15       -2.09       -1.60
-1.69       -1.29       -1.56
-1.77       -0.21       -1.62
-1.29       -0.63       -1.48
-1.91       -1.02       -1.45
-1.71       -0.15       -1.54
-1.33       1.11       -1.59
-1.51       -0.06       -1.58
-1.42       -2.48       -1.56
-1.63       0.12       -1.61
-1.59       1.59       -1.64
-1.49       -1.97       -1.48
-1.41       0.58       -1.55
-1.53       0.87       -1.48
-1.24       -2.32       -1.60
-1.60       -1.13       -1.62
-1.62       0.61       -1.65
-1.99       -0.62       -1.60
-1.73       1.29       -1.61
-1.42       -0.64       -1.63
-1.85       0.65       -1.54
-1.95       -2.05       -1.64
-1.90       -0.29       -1.63
-1.77       1.35       -1.54
-1.54       0.26       -1.58
-1.46       -1.23       -1.55
-1.43       -0.82       -1.49
-1.34       1.66       -1.54
-1.51       -2.98       -1.57
-1.18       0.57       -1.52
-1.98       1.21       -1.63
-1.26       -0.67       -1.60
-1.21       -1.08       -1.52
-1.45       -2.29       -1.58
-1.52       3.23       -1.55
-1.86       -0.02       -1.58
-1.37       -0.91       -1.57
-1.33       -2.98       -1.63
-1.86       1.28       -1.58
