
R2 Hall Sensor Diagnostic - Step 1
-----------------------------------
Right Hall: D7 / PD7 / PCINT23
Left Hall : D6 / PD6 / PCINT22
Transitions/revolution: 90

time_ms,right_period_us,right_rpm,right_count,left_period_us,left_rpm,left_count,right_age_ms,left_age_ms
50,0,0.00,0,0,0.00,0,0.0,0.0
100,0,0.00,0,0,0.00,0,0.0,0.0
150,0,0.00,0,0,0.00,0,0.0,0.0
200,0,0.00,0,0,0.00,0,0.0,0.0
250,0,0.00,0,0,0.00,0,0.0,0.0
300,0,0.00,0,0,0.00,0,0.0,0.0
350,0,0.00,0,0,0.00,0,0.0,0.0
400,0,0.00,0,0,0.00,0,0.0,0.0
450,0,0.00,0,0,0.00,0,0.0,0.0
500,0,0.00,0,0,0.00,0,0.0,0.0
550,0,0.00,0,0,0.00,0,0.0,0.0
600,0,0.00,0,0,0.00,0,0.0,0.0
650,0,0.00,0,0,0.00,0,0.0,0.0
700,0,0.00,0,0,0.00,0,0.0,0.0
750,0,0.00,0,0,0.00,0,0.0,0.0
800,0,0.00,0,0,0.00,0,0.0,0.0
850,0,0.00,0,0,0.00,0,0.0,0.0
900,0,0.00,0,0,0.00,0,0.0,0.0
950,0,0.00,0,0,0.00,0,0.0,0.0
1000,0,0.00,0,0,0.00,0,0.0,0.0
1050,0,0.00,0,0,0.00,0,0.0,0.0
1100,0,0.00,0,0,0.00,0,0.0,0.0
1150,0,0.00,0,0,0.00,0,0.0,0.0
1200,0,0.00,0,0,0.00,0,0.0,0.0
1250,0,0.00,0,0,0.00,0,0.0,0.0
1300,0,0.00,0,0,0.00,0,0.0,0.0
1350,0,0.00,0,0,0.00,0,0.0,0.0
1400,0,0.00,0,0,0.00,0,0.0,0.0
1451,0,0.00,0,0,0.00,0,0.0,0.0
1501,0,0.00,0,0,0.00,0,0.0,0.0
1551,0,0.00,0,0,0.00,0,0.0,0.0
1601,0,0.00,0,0,0.00,0,0.0,0.0
1651,0,0.00,0,0,0.00,0,0.0,0.0
1701,0,0.00,0,0,0.00,0,0.0,0.0
1751,0,0.00,0,0,0.00,0,0.0,0.0
1801,0,0.00,0,0,0.00,0,0.0,0.0
1851,0,0.00,0,0,0.00,0,0.0,0.0
1901,0,0.00,0,0,0.00,0,0.0,0.0
1951,0,0.00,0,0,0.00,0,0.0,0.0
2001,0,0.00,0,0,0.00,0,0.0,0.0
2051,0,0.00,0,0,0.00,0,0.0,0.0
2101,0,0.00,0,0,0.00,0,0.0,0.0
2151,0,0.00,0,0,0.00,0,0.0,0.0
2201,0,0.00,0,0,0.00,0,0.0,0.0
2251,0,0.00,0,0,0.00,0,0.0,0.0
2301,0,0.00,0,0,0.00,0,0.0,0.0
2351,0,0.00,0,0,0.00,0,0.0,0.0
2401,0,0.00,0,0,0.00,0,0.0,0.0
2451,0,0.00,0,0,0.00,0,0.0,0.0
2501,0,0.00,0,0,0.00,0,0.0,0.0
2551,0,0.00,0,0,0.00,0,0.0,0.0
2601,0,0.00,0,0,0.00,0,0.0,0.0
2651,0,0.00,0,0,0.00,0,0.0,0.0
2701,0,0.00,0,0,0.00,0,0.0,0.0
2751,0,0.00,0,0,0.00,0,0.0,0.0
2801,0,0.00,0,0,0.00,0,0.0,0.0
2851,0,0.00,0,0,0.00,0,0.0,0.0
2902,0,0.00,0,0,0.00,0,0.0,0.0
2952,0,0.00,0,0,0.00,0,0.0,0.0
3002,0,0.00,0,0,0.00,0,0.0,0.0
3052,0,0.00,0,0,0.00,0,0.0,0.0
3102,0,0.00,0,0,0.00,0,0.0,0.0
3152,0,0.00,0,0,0.00,0,0.0,0.0
3202,0,0.00,0,0,0.00,0,0.0,0.0
3252,0,0.00,0,0,0.00,0,0.0,0.0
3302,0,0.00,0,0,0.00,0,0.0,0.0
3352,0,0.00,0,0,0.00,0,0.0,0.0
3402,0,0.00,0,0,0.00,0,0.0,0.0
3452,0,0.00,0,0,0.00,0,0.0,0.0
3502,0,0.00,0,0,0.00,0,0.0,0.0
3552,0,0.00,0,0,0.00,0,0.0,0.0
3602,0,0.00,0,0,0.00,0,0.0,0.0
3652,0,0.00,0,0,0.00,0,0.0,0.0
3702,0,0.00,0,0,0.00,0,0.0,0.0
3752,0,0.00,0,0,0.00,0,0.0,0.0
3802,0,0.00,0,0,0.00,0,0.0,0.0
3852,0,0.00,0,0,0.00,0,0.0,0.0
3902,0,0.00,0,0,0.00,0,0.0,0.0
3952,0,0.00,0,0,0.00,0,0.0,0.0
4002,0,0.00,0,0,0.00,0,0.0,0.0
4052,0,0.00,0,0,0.00,0,0.0,0.0
4102,0,0.00,0,0,0.00,0,0.0,0.0
4152,0,0.00,0,0,0.00,0,0.0,0.0
4202,0,0.00,0,0,0.00,0,0.0,0.0
4252,0,0.00,0,0,0.00,0,0.0,0.0
4302,0,0.00,0,0,0.00,0,0.0,0.0
4352,0,0.00,0,0,0.00,0,0.0,0.0
4402,0,0.00,0,0,0.00,0,0.0,0.0
4452,0,0.00,0,0,0.00,0,0.0,0.0
4502,0,0.00,0,0,0.00,0,0.0,0.0
4552,0,0.00,0,0,0.00,0,0.0,0.0
4602,0,0.00,0,0,0.00,0,0.0,0.0
4652,0,0.00,0,0,0.00,0,0.0,0.0
4702,0,0.00,0,0,0.00,0,0.0,0.0
4752,0,0.00,0,0,0.00,0,0.0,0.0
4802,0,0.00,0,0,0.00,0,0.0,0.0
4852,0,0.00,0,0,0.00,0,0.0,0.0
4902,0,0.00,0,0,0.00,0,0.0,0.0
4952,0,0.00,0,0,0.00,0,0.0,0.0
5002,0,0.00,0,0,0.00,0,0.0,0.0
5052,0,0.00,0,0,0.00,0,0.0,0.0
5102,0,0.00,0,0,0.00,0,0.0,0.0
5152,0,0.00,0,0,0.00,0,0.0,0.0
5202,0,0.00,0,0,0.00,0,0.0,0.0
5252,0,0.00,0,0,0.00,0,0.0,0.0
5302,0,0.00,0,0,0.00,0,0.0,0.0
5352,0,0.00,0,0,0.00,0,0.0,0.0
5402,0,0.00,0,0,0.00,0,0.0,0.0
5452,0,0.00,0,0,0.00,0,0.0,0.0
5502,0,0.00,0,0,0.00,0,0.0,0.0
5552,0,0.00,0,0,0.00,0,0.0,0.0
5602,0,0.00,0,0,0.00,0,0.0,0.0
5652,0,0.00,0,0,0.00,0,0.0,0.0
5702,0,0.00,0,0,0.00,0,0.0,0.0
5752,0,0.00,0,0,0.00,0,0.0,0.0
5803,0,0.00,0,0,0.00,0,0.0,0.0
5853,0,0.00,0,0,0.00,0,0.0,0.0
5903,0,0.00,0,0,0.00,0,0.0,0.0
5953,0,0.00,0,0,0.00,0,0.0,0.0
6003,0,0.00,0,0,0.00,0,0.0,0.0
6053,0,0.00,0,0,0.00,0,0.0,0.0
6103,0,0.00,0,0,0.00,0,0.0,0.0
6153,0,0.00,0,0,0.00,0,0.0,0.0
6203,0,0.00,0,0,0.00,0,0.0,0.0
6253,0,0.00,0,0,0.00,0,0.0,0.0
6303,0,0.00,0,0,0.00,0,0.0,0.0
6353,0,0.00,0,0,0.00,0,0.0,0.0
6403,0,0.00,0,0,0.00,0,0.0,0.0
6453,0,0.00,0,0,0.00,0,0.0,0.0
6503,0,0.00,0,0,0.00,0,0.0,0.0
6553,0,0.00,0,0,0.00,0,0.0,0.0
6603,0,0.00,0,0,0.00,0,0.0,0.0
6653,0,0.00,0,0,0.00,0,0.0,0.0
6703,0,0.00,0,0,0.00,0,0.0,0.0
6753,0,0.00,0,0,0.00,0,0.0,0.0
6803,0,0.00,0,0,0.00,0,0.0,0.0
6853,0,0.00,0,0,0.00,0,0.0,0.0
6903,0,0.00,0,0,0.00,0,0.0,0.0
6953,0,0.00,0,0,0.00,0,0.0,0.0
7003,0,0.00,0,0,0.00,0,0.0,0.0
7053,0,0.00,0,0,0.00,0,0.0,0.0
7103,0,0.00,0,0,0.00,0,0.0,0.0
7153,0,0.00,0,0,0.00,0,0.0,0.0
7203,0,0.00,0,0,0.00,0,0.0,0.0
7254,0,0.00,0,0,0.00,0,0.0,0.0
7304,0,0.00,0,0,0.00,0,0.0,0.0
7354,0,0.00,0,0,0.00,0,0.0,0.0
7404,0,0.00,0,0,0.00,0,0.0,0.0
7454,0,0.00,0,0,0.00,0,0.0,0.0
